0.000000          3.374746
0.006880          3.374209
0.007025          3.374198
0.007173          3.374182
0.007324          3.374166
0.007478          3.374149
0.007635          3.374132
0.007796          3.374114
0.007960          3.374095
0.008128          3.374075
0.008299          3.374054
0.008473          3.374033
0.008652          3.374010
0.008834          3.373987
0.009020          3.373962
0.009210          3.373937
0.009404          3.373911
0.009602          3.373883
0.009804          3.373854
0.010010          3.373825
0.010221          3.373793
0.010436          3.373761
0.010656          3.373727
0.010880          3.373692
0.011109          3.373655
0.011343          3.373617
0.011582          3.373577
0.011825          3.373536
0.012074          3.373492
0.012329          3.373447
0.012588          3.373400
0.012853          3.373352
0.013124          3.373301
0.013400          3.373248
0.013682          3.373192
0.013970          3.373135
0.014264          3.373075
0.014565          3.373012
0.014871          3.372947
0.015184          3.372880
0.015504          3.372809
0.015830          3.372735
0.016163          3.372659
0.016504          3.372579
0.016851          3.372496
0.017206          3.372410
0.017568          3.372320
0.017938          3.372226
0.018316          3.372128
0.018701          3.372027
0.019095          3.371921
0.019497          3.371810
0.019907          3.371695
0.020326          3.371576
0.020754          3.371451
0.021191          3.371322
0.021637          3.371187
0.022093          3.371046
0.022558          3.370900
0.023033          3.370748
0.023518          3.370589
0.024013          3.370424
0.024518          3.370252
0.025035          3.370073
0.025562          3.369887
0.026100          3.369693
0.026649          3.369491
0.027210          3.369281
0.027783          3.369063
0.028368          3.368835
0.028965          3.368599
0.029575          3.368352
0.030197          3.368096
0.030833          3.367829
0.031482          3.367552
0.032145          3.367263
0.032822          3.366962
0.033513          3.366650
0.034218          3.366324
0.034938          3.365986
0.035674          3.365634
0.036425          3.365268
0.037192          3.364887
0.037975          3.364490
0.038774          3.364078
0.039590          3.363649
0.040424          3.363204
0.041275          3.362740
0.042144          3.362258
0.043031          3.361756
0.043937          3.361235
0.044862          3.360693
0.045806          3.360130
0.046771          3.359544
0.047755          3.358935
0.048761          3.358302
0.049787          3.357644
0.050835          3.356960
0.051905          3.356249
0.052998          3.355510
0.054114          3.354742
0.055253          3.353945
0.056416          3.353116
0.057604          3.352255
0.058816          3.351360
0.060055          3.350431
0.061319          3.349466
0.062610          3.348463
0.063928          3.347422
0.065274          3.346341
0.066648          3.345218
0.068051          3.344052
0.069483          3.342842
0.070946          3.341585
0.072440          3.340281
0.073965          3.338927
0.075522          3.337522
0.077112          3.336063
0.078735          3.334550
0.080393          3.332980
0.082085          3.331351
0.083813          3.329662
0.085577          3.327909
0.087379          3.326091
0.089219          3.324206
0.091097          3.322251
0.093014          3.320224
0.094973          3.318123
0.096972          3.315944
0.099013          3.313687
0.101098          3.311347
0.103226          3.308923
0.105399          3.306411
0.107618          3.303808
0.109884          3.301113
0.112197          3.298321
0.114559          3.295430
0.116971          3.292437
0.119433          3.289338
0.121947          3.286130
0.124514          3.282809
0.127136          3.279373
0.129812          3.275818
0.132545          3.272141
0.135335          3.268337
0.138184          3.264402
0.141093          3.260334
0.144064          3.256128
0.147096          3.251780
0.150193          3.247287
0.153355          3.242644
0.156583          3.237846
0.159880          3.232891
0.163246          3.227773
0.166682          3.222488
0.170191          3.217032
0.173774          3.211400
0.177432          3.205587
0.181167          3.199590
0.184981          3.193404
0.188876          3.187023
0.192852          3.180444
0.196912          3.173661
0.201057          3.166669
0.205290          3.159464
0.209611          3.152042
0.214024          3.144396
0.218530          3.136523
0.223130          3.128417
0.227827          3.120073
0.232624          3.111487
0.237521          3.102654
0.242521          3.093569
0.247627          3.084227
0.252840          3.074624
0.258162          3.064754
0.263597          3.054613
0.269146          3.044197
0.274812          3.033501
0.280598          3.022521
0.286505          3.011252
0.292536          2.999690
0.298695          2.987831
0.304983          2.975670
0.311403          2.963206
0.317959          2.950432
0.324652          2.937347
0.331487          2.923946
0.338465          2.910227
0.345591          2.896187
0.352866          2.881822
0.360295          2.867131
0.367879          2.852111
0.375624          2.836761
0.383532          2.821077
0.391606          2.805060
0.399850          2.788708
0.408267          2.772020
0.416862          2.754995
0.425638          2.737633
0.434598          2.719935
0.443747          2.701901
0.453089          2.683532
0.462627          2.664828
0.472367          2.645793
0.482311          2.626427
0.492464          2.606733
0.502832          2.586714
0.513417          2.566374
0.524226          2.545715
0.535261          2.524743
0.546530          2.503461
0.558035          2.481875
0.569783          2.459990
0.581778          2.437812
0.594025          2.415347
0.606531          2.392603
0.619299          2.369586
0.632337          2.346304
0.645649          2.322766
0.659241          2.298979
0.673119          2.274953
0.687289          2.250698
0.701758          2.226223
0.716531          2.201538
0.731616          2.176655
0.747018          2.151583
0.762744          2.126335
0.778801          2.100922
0.795196          2.075356
0.811936          2.049650
0.829029          2.023816
0.846482          1.997867
0.864302          1.971816
0.882497          1.945677
0.901075          1.919462
0.920044          1.893187
0.939413          1.866864
0.959189          1.840508
0.979382          1.814132
1.000000          1.787751
1.021052          1.761378
1.042547          1.735029
1.064494          1.708716
1.086904          1.682455
1.109785          1.656258
1.133148          1.630140
1.157003          1.604114
1.181360          1.578193
1.206230          1.552392
1.231624          1.526722
1.257552          1.501196
1.284025          1.475827
1.311057          1.450627
1.338657          1.425607
1.366838          1.400779
1.395612          1.376153
1.424993          1.351740
1.454991          1.327551
1.485622          1.303593
1.516897          1.279878
1.548830          1.256413
1.581436          1.233205
1.614728          1.210264
1.648721          1.187596
1.683430          1.165207
1.718869          1.143103
1.755055          1.121291
1.792002          1.099774
1.829727          1.078557
1.868246          1.057645
1.907576          1.037040
1.947734          1.016745
1.988737          0.996762
2.030604          0.977095
2.073352          0.957742
2.117000          0.938707
2.161567          0.919989
2.207072          0.901588
2.253535          0.883504
2.300976          0.865736
2.349416          0.848282
2.398875          0.831142
2.449376          0.814314
2.500940          0.797795
2.553589          0.781583
2.607347          0.765674
2.662237          0.750067
2.718282          0.734758
2.775507          0.719744
2.833936          0.705020
2.893596          0.690584
2.954512          0.676431
3.016709          0.662557
3.080217          0.648959
3.145061          0.635631
3.211271          0.622570
3.278874          0.609771
3.347900          0.597230
3.418380          0.584943
3.490343          0.572904
3.563821          0.561110
3.638846          0.549556
3.715451          0.538238
3.793668          0.527150
3.873532          0.516290
3.955077          0.505651
4.038338          0.495231
4.123353          0.485025
4.210157          0.475028
4.298789          0.465237
4.389286          0.455647
4.481689          0.446254
4.576037          0.437055
4.672371          0.428045
4.770733          0.419220
4.871166          0.410577
4.973713          0.402112
5.078419          0.393822
5.185329          0.385703
5.294490          0.377751
5.405949          0.369962
5.519754          0.362335
5.635955          0.354864
5.754603          0.347548
5.875748          0.340382
5.999443          0.333364
6.125743          0.326491
6.254701          0.319759
6.386374          0.313167
6.520819          0.306710
6.658095          0.300386
6.798260          0.294193
6.941376          0.288127
7.087505          0.282187
7.236710          0.276369
7.389056          0.270670
7.544609          0.265090
7.703438          0.259624
7.865609          0.254271
8.031195          0.249029
8.200267          0.243894
8.372897          0.238866
8.549163          0.233941
8.729138          0.229118
8.912903          0.224394
9.100536          0.219767
9.292119          0.215236
9.487736          0.210798
9.687470          0.206452
9.891410          0.202196
10.099642          0.198027
10.312259          0.193944
10.529351          0.189945
10.751013          0.186029
10.977342          0.182193
11.208436          0.178437
11.444394          0.174758
11.685320          0.171155
11.931318          0.167626
12.182494          0.164170
12.438958          0.160785
12.700821          0.157470
12.968197          0.154223
13.241202          0.151044
13.519954          0.147929
13.804574          0.144879
14.095186          0.141892
14.391916          0.138967
14.694893          0.136102
15.004248          0.133296
15.320115          0.130547
15.642632          0.127856
15.971938          0.125220
16.308177          0.122638
16.651495          0.120109
17.002040          0.117633
17.359965          0.115208
17.725424          0.112832
18.098577          0.110506
18.479586          0.108228
18.868616          0.105996
19.265835          0.103811
19.671417          0.101670
20.085537          0.099574
20.508375          0.097521
20.940114          0.095510
21.380943          0.093541
21.831051          0.091613
22.290636          0.089724
22.759895          0.087874
23.239033          0.086062
23.728258          0.084288
24.227782          0.082550
24.737822          0.080848
25.258599          0.079181
25.790340          0.077548
26.333275          0.075950
26.887639          0.074384
27.453674          0.072850
28.031625          0.071348
28.621743          0.069877
29.224284          0.068436
29.839509          0.067025
30.467687          0.065643
31.109088          0.064290
31.763992          0.062964
32.432684          0.061666
33.115452          0.060395
33.812594          0.059150
34.524412          0.057930
35.251215          0.056736
35.993319          0.055566
36.751045          0.054420
37.524723          0.053298
38.314688          0.052199
39.121284          0.051123
39.944860          0.050069
40.785774          0.049037
41.644390          0.048026
42.521082          0.047035
43.416230          0.046066
44.330222          0.045116
45.263456          0.044186
46.216336          0.043275
47.189276          0.042383
48.182698          0.041509
49.197034          0.040653
50.232723          0.039815
51.290215          0.038994
52.369970          0.038190
53.472455          0.037402
54.598150          0.036631
55.747543          0.035876
56.921132          0.035136
58.119428          0.034412
59.342950          0.033702
60.592230          0.033008
61.867809          0.032327
63.170242          0.031660
64.500093          0.031008
65.857940          0.030368
67.244372          0.029742
68.659992          0.029129
70.105412          0.028528
71.581262          0.027940
73.088181          0.027364
74.626823          0.026800
76.197857          0.026247
77.801963          0.025706
79.439840          0.025176
81.112196          0.024657
82.819759          0.024149
84.563269          0.023651
86.343483          0.023163
88.161174          0.022686
90.017131          0.022218
91.912160          0.021760
93.847082          0.021311
95.822737          0.020872
97.839985          0.020442
99.899698          0.020020
102.002773          0.019607
104.150121          0.019203
106.342675          0.018807
108.581387          0.018419
110.867227          0.018040
113.201189          0.017668
115.584285          0.017303
118.017549          0.016947
120.502038          0.016597
123.038830          0.016255
125.629027          0.015920
128.273752          0.015592
130.974153          0.015270
133.731403          0.014955
136.546698          0.014647
139.421260          0.014345
142.356338          0.014049
145.353204          0.013760
148.413159          0.013476
151.537532          0.013198
154.727680          0.012926
157.984985          0.012659
161.310864          0.012398
164.706758          0.012143
168.174142          0.011892
171.714520          0.011647
175.329431          0.011407
179.020442          0.011172
182.789156          0.010942
186.637208          0.010716
190.566268          0.010495
194.578043          0.010279
198.674273          0.010067
202.856737          0.009859
207.127249          0.009656
211.487663          0.009457
215.939872          0.009262
220.485809          0.009071
225.127446          0.008884
229.866798          0.008701
234.705922          0.008521
239.646918          0.008346
250.000000          0.008000

