-0.012491
-0.012618
-0.012747
-0.012876
-0.013007
-0.013140
-0.013273
-0.013408
-0.013544
-0.013682
-0.013821
-0.013961
-0.014103
-0.014246
-0.014390
-0.014536
-0.014683
-0.014832
-0.014982
-0.015134
-0.015287
-0.015441
-0.015597
-0.015755
-0.015914
-0.016075
-0.016237
-0.016401
-0.016566
-0.016733
-0.016902
-0.017072
-0.017244
-0.017417
-0.017593
-0.017770
-0.017948
-0.018129
-0.018311
-0.018494
-0.018680
-0.018867
-0.019056
-0.019247
-0.019440
-0.019635
-0.019831
-0.020029
-0.020230
-0.020432
-0.020636
-0.020841
-0.021049
-0.021259
-0.021471
-0.021685
-0.021901
-0.022118
-0.022338
-0.022560
-0.022784
-0.023010
-0.023239
-0.023469
-0.023701
-0.023936
-0.024173
-0.024412
-0.024653
-0.024897
-0.025142
-0.025390
-0.025641
-0.025893
-0.026148
-0.026405
-0.026665
-0.026927
-0.027191
-0.027458
-0.027727
-0.027998
-0.028272
-0.028549
-0.028828
-0.029109
-0.029393
-0.029680
-0.029969
-0.030261
-0.030555
-0.030852
-0.031152
-0.031454
-0.031759
-0.032067
-0.032377
-0.032690
-0.033006
-0.033324
-0.033646
-0.033970
-0.034297
-0.034627
-0.034959
-0.035295
-0.035633
-0.035974
-0.036319
-0.036666
-0.037016
-0.037369
-0.037725
-0.038084
-0.038447
-0.038812
-0.039180
-0.039551
-0.039926
-0.040303
-0.040684
-0.041068
-0.041455
-0.041845
-0.042238
-0.042635
-0.043034
-0.043437
-0.043844
-0.044253
-0.044666
-0.045082
-0.045502
-0.045924
-0.046350
-0.046780
-0.047213
-0.047649
-0.048088
-0.048531
-0.048978
-0.049428
-0.049881
-0.050338
-0.050798
-0.051261
-0.051728
-0.052199
-0.052673
-0.053151
-0.053632
-0.054117
-0.054605
-0.055096
-0.055592
-0.056090
-0.056593
-0.057099
-0.057608
-0.058121
-0.058638
-0.059158
-0.059682
-0.060209
-0.060740
-0.061275
-0.061813
-0.062354
-0.062899
-0.063448
-0.064001
-0.064556
-0.065116
-0.065679
-0.066245
-0.066815
-0.067389
-0.067966
-0.068547
-0.069131
-0.069718
-0.070309
-0.070904
-0.071502
-0.072103
-0.072708
-0.073316
-0.073927
-0.074542
-0.075160
-0.075782
-0.076406
-0.077034
-0.077665
-0.078300
-0.078937
-0.079577
-0.080221
-0.080868
-0.081518
-0.082170
-0.082826
-0.083484
-0.084146
-0.084810
-0.085477
-0.086146
-0.086819
-0.087493
-0.088171
-0.088851
-0.089533
-0.090218
-0.090905
-0.091595
-0.092286
-0.092980
-0.093675
-0.094373
-0.095073
-0.095774
-0.096478
-0.097182
-0.097889
-0.098597
-0.099306
-0.100017
-0.100729
-0.101442
-0.102156
-0.102871
-0.103587
-0.104304
-0.105021
-0.105738
-0.106457
-0.107175
-0.107893
-0.108612
-0.109330
-0.110048
-0.110766
-0.111483
-0.112200
-0.112916
-0.113631
-0.114344
-0.115057
-0.115768
-0.116477
-0.117185
-0.117891
-0.118594
-0.119296
-0.119995
-0.120691
-0.121385
-0.122075
-0.122763
-0.123446
-0.124127
-0.124803
-0.125475
-0.126144
-0.126807
-0.127466
-0.128120
-0.128769
-0.129412
-0.130050
-0.130682
-0.131307
-0.131927
-0.132539
-0.133145
-0.133743
-0.134334
-0.134917
-0.135492
-0.136058
-0.136616
-0.137165
-0.137705
-0.138235
-0.138755
-0.139265
-0.139764
-0.140253
-0.140730
-0.141196
-0.141649
-0.142091
-0.142520
-0.142936
-0.143338
-0.143727
-0.144102
-0.144462
-0.144807
-0.145137
-0.145451
-0.145750
-0.146031
-0.146296
-0.146544
-0.146774
-0.146985
-0.147178
-0.147352
-0.147507
-0.147642
-0.147756
-0.147849
-0.147922
-0.147972
-0.148000
-0.148006
-0.147988
-0.147947
-0.147881
-0.147791
-0.147676
-0.147535
-0.147369
-0.147175
-0.146955
-0.146707
-0.146431
-0.146126
-0.145792
-0.145429
-0.145035
-0.144611
-0.144156
-0.143669
-0.143150
-0.142598
-0.142013
-0.141394
-0.140741
-0.140053
-0.139330
-0.138571
-0.137776
-0.136944
-0.136075
-0.135168
-0.134223
-0.133239
-0.132216
-0.131153
-0.130049
-0.128905
-0.127720
-0.126494
-0.125225
-0.123914
-0.122559
-0.121162
-0.119721
-0.118235
-0.116705
-0.115130
-0.113510
-0.111844
-0.110131
-0.108373
-0.106568
-0.104716
-0.102817
-0.100870
-0.098875
-0.096832
-0.094742
-0.092602
-0.090415
-0.088178
-0.085893
-0.083558
-0.081175
-0.078742
-0.076261
-0.073730
-0.071151
-0.068522
-0.065844
-0.063117
-0.060342
-0.057519
-0.054647
-0.051727
-0.048759
-0.045744
-0.042681
-0.039573
-0.036418
-0.033217
-0.029971
-0.026680
-0.023345
-0.019967
-0.016546
-0.013083
-0.009580
-0.006035
-0.002452
0.001170
0.004830
0.008526
0.012257
0.016023
0.019821
0.023651
0.027512
0.031401
0.035318
0.039261
0.043228
0.047218
0.051229
0.055260
0.059308
0.063371
0.067448
0.071537
0.075636
0.079742
0.083853
0.087967
0.092081
0.096194
0.100302
0.104404
0.108496
0.112575
0.116640
0.120687
0.124713
0.128716
0.132692
0.136638
0.140551
0.144428
0.148266
0.152061
0.155810
0.159509
0.163155
0.166745
0.170274
0.173739
0.177137
0.180463
0.183715
0.186887
0.189976
0.192978
0.195889
0.198706
0.201424
0.204038
0.206546
0.208943
0.211225
0.213388
0.215428
0.217340
0.219121
0.220766
0.222272
0.223634
0.224849
0.225913
0.226821
0.227569
0.228155
0.228574
0.228822
0.228896
0.228793
0.228508
0.228040
0.227383
0.226535
0.225494
0.224256
0.222819
0.221179
0.219335
0.217284
0.215024
0.212553
0.209870
0.206972
0.203859
0.200530
0.196982
0.193217
0.189233
0.185030
0.180608
0.175967
0.175936
