0.000000 0.107089
0.006880 0.109280
0.007025 0.111514
0.007173 0.113793
0.007324 0.116117
0.007478 0.118487
0.007635 0.120904
0.007796 0.123368
0.007960 0.125881
0.008128 0.128443
0.008299 0.131055
0.008473 0.133719
0.008652 0.136434
0.008834 0.139203
0.009020 0.142025
0.009210 0.144903
0.009404 0.147836
0.009602 0.150826
0.009804 0.153874
0.010010 0.156981
0.010221 0.160148
0.010436 0.163376
0.010656 0.166666
0.010880 0.170019
0.011109 0.173436
0.011343 0.176918
0.011582 0.180466
0.011825 0.184082
0.012074 0.187766
0.012329 0.191520
0.012588 0.195345
0.012853 0.199241
0.013124 0.203211
0.013400 0.207255
0.013682 0.211374
0.013970 0.215570
0.014264 0.219844
0.014565 0.224197
0.014871 0.228631
0.015184 0.233145
0.015504 0.237743
0.015830 0.242424
0.016163 0.247191
0.016504 0.252045
0.016851 0.256986
0.017206 0.262016
0.017568 0.267136
0.017938 0.272348
0.018316 0.277653
0.018701 0.283052
0.019095 0.288547
0.019497 0.294138
0.019907 0.299827
0.020326 0.305615
0.020754 0.311504
0.021191 0.317495
0.021637 0.323588
0.022093 0.329786
0.022558 0.336090
0.023033 0.342500
0.023518 0.349019
0.024013 0.355646
0.024518 0.362385
0.025035 0.369234
0.025562 0.376197
0.026100 0.383273
0.026649 0.390464
0.027210 0.397772
0.027783 0.405197
0.028368 0.412740
0.028965 0.420402
0.029575 0.428185
0.030197 0.436088
0.030833 0.444114
0.031482 0.452263
0.032145 0.460536
0.032822 0.468933
0.033513 0.477456
0.034218 0.486104
0.034938 0.494880
0.035674 0.503782
0.036425 0.512812
0.037192 0.521971
0.037975 0.531258
0.038774 0.540673
0.039590 0.550218
0.040424 0.559892
0.041275 0.569695
0.042144 0.579628
0.043031 0.589690
0.043937 0.599880
0.044862 0.610199
0.045806 0.620646
0.046771 0.631221
0.047755 0.641923
0.048761 0.652751
0.049787 0.663704
0.050835 0.674782
0.051905 0.685982
0.052998 0.697305
0.054114 0.708747
0.055253 0.720308
0.056416 0.731987
0.057604 0.743780
0.058816 0.755686
0.060055 0.767702
0.061319 0.779826
0.062610 0.792056
0.063928 0.804389
0.065274 0.816821
0.066648 0.829349
0.068051 0.841969
0.069483 0.854679
0.070946 0.867474
0.072440 0.880349
0.073965 0.893301
0.075522 0.906324
0.077112 0.919415
0.078735 0.932566
0.080393 0.945774
0.082085 0.959033
0.083813 0.972335
0.085577 0.985676
0.087379 0.999048
0.089219 1.012445
0.091097 1.025859
0.093014 1.039284
0.094973 1.052710
0.096972 1.066130
0.099013 1.079535
0.101098 1.092918
0.103226 1.106268
0.105399 1.119576
0.107618 1.132832
0.109884 1.146027
0.112197 1.159150
0.114559 1.172189
0.116971 1.185135
0.119433 1.197975
0.121947 1.210699
0.124514 1.223292
0.127136 1.235744
0.129812 1.248041
0.132545 1.260171
0.135335 1.272120
0.138184 1.283874
0.141093 1.295419
0.144064 1.306741
0.147096 1.317825
0.150193 1.328657
0.153355 1.339222
0.156583 1.349503
0.159880 1.359486
0.163246 1.369155
0.166682 1.378493
0.170191 1.387485
0.173774 1.396115
0.177432 1.404365
0.181167 1.412220
0.184981 1.419663
0.188876 1.426677
0.192852 1.433246
0.196912 1.439353
0.201057 1.444982
0.205290 1.450115
0.209611 1.454738
0.214024 1.458833
0.218530 1.462384
0.223130 1.465376
0.227827 1.467794
0.232624 1.469622
0.237521 1.470846
0.242521 1.471451
0.247627 1.471424
0.252840 1.470750
0.258162 1.469419
0.263597 1.467416
0.269146 1.464732
0.274812 1.461356
0.280598 1.457277
0.286505 1.452487
0.292536 1.446977
0.298695 1.440741
0.304983 1.433773
0.311403 1.426067
0.317959 1.417619
0.324652 1.408428
0.331487 1.398491
0.338465 1.387808
0.345591 1.376381
0.352866 1.364212
0.360295 1.351305
0.367879 1.337666
0.375624 1.323301
0.383532 1.308218
0.391606 1.292429
0.399850 1.275944
0.408267 1.258777
0.416862 1.240942
0.425638 1.222457
0.434598 1.203338
0.443747 1.183606
0.453089 1.163283
0.462627 1.142390
0.472367 1.120953
0.482311 1.098997
0.492464 1.076551
0.502832 1.053643
0.513417 1.030303
0.524226 1.006564
0.535261 0.982459
0.546530 0.958021
0.558035 0.933287
0.569783 0.908292
0.581778 0.883074
0.594025 0.857672
0.606531 0.832123
0.619299 0.806468
0.632337 0.780746
0.645649 0.754998
0.659241 0.729264
0.673119 0.703584
0.687289 0.677999
0.701758 0.652548
0.716531 0.627273
0.731616 0.602211
0.747018 0.577401
0.762744 0.552880
0.778801 0.528685
0.795196 0.504852
0.811936 0.481414
0.829029 0.458404
0.846482 0.435852
0.864302 0.413789
0.882497 0.392241
0.901075 0.371234
0.920044 0.350791
0.939413 0.330934
0.959189 0.311682
0.979382 0.293050
1.000000 0.275055
1.021052 0.257707
1.042547 0.241017
1.064494 0.224991
1.086904 0.209635
1.109785 0.194951
1.133148 0.180940
1.157003 0.167598
1.181360 0.154922
1.206230 0.142905
1.231624 0.131539
1.257552 0.120813
1.284025 0.110714
1.311057 0.101229
1.338657 0.092341
1.366838 0.084035
1.395612 0.076290
1.424993 0.069088
1.454991 0.062408
1.485622 0.056228
1.516897 0.050528
1.548830 0.045283
1.581436 0.040472
1.614728 0.036070
1.648721 0.032055
1.683430 0.028404
1.718869 0.025094
1.755055 0.022102
1.792002 0.019406
1.829727 0.016986
1.868246 0.014819
1.907576 0.012885
1.947734 0.011166
1.988737 0.009643
2.030604 0.008299
2.073352 0.007116
2.117000 0.006079
2.161567 0.005174
2.207072 0.004387
2.253535 0.003705
2.300976 0.003117
2.349416 0.002611
2.398875 0.002179
2.449376 0.001810
2.500940 0.001497
2.553589 0.001233
2.607347 0.001011
2.662237 0.000825
2.718282 0.000670
2.775507 0.000541
2.833936 0.000435
2.893596 0.000348
2.954512 0.000277
3.016709 0.000220
3.080217 0.000173
3.145061 0.000136
3.211271 0.000106
3.278874 0.000082
3.347900 0.000063
3.418380 0.000048
3.490343 0.000037
3.563821 0.000028
3.638846 0.000021
3.715451 0.000016
3.793668 0.000012
3.873532 0.000009
3.955077 0.000006
4.038338 0.000005
4.123353 0.000003
4.210157 0.000002
4.298789 0.000002
4.389286 0.000001
4.481689 0.000001
4.576037 0.000001
4.672371 0.000000
4.770733 0.000000
4.871166 0.000000
4.973713 0.000000
5.078419 0.000000
5.185329 0.000000
5.294490 0.000000
5.405949 0.000000
5.519754 0.000000
5.635955 0.000000
5.754603 0.000000
5.875748 0.000000
5.999443 0.000000
6.125743 0.000000
6.254701 0.000000
6.386374 0.000000
6.520819 -0.000000
6.658095 -0.000000
6.798260 -0.000000
6.941376 -0.000000
7.087505 -0.000000
7.236710 -0.000000
7.389056 -0.000000
7.544609 -0.000000
7.703438 -0.000000
7.865609 -0.000000
8.031195 -0.000000
8.200267 0.000000
8.372897 0.000000
8.549163 0.000000
8.729138 0.000000
8.912903 0.000000
9.100536 0.000000
9.292119 0.000000
9.487736 0.000000
9.687470 0.000000
9.891410 0.000000
10.099642 0.000000
10.312259 -0.000000
10.529351 -0.000000
10.751013 -0.000000
10.977342 -0.000000
11.208436 -0.000000
11.444394 -0.000000
11.685320 -0.000000
11.931318 -0.000000
12.182494 -0.000000
12.438958 0.000000
12.700821 0.000000
12.968197 0.000000
13.241202 0.000000
13.519954 0.000000
13.804574 0.000000
14.095186 0.000000
14.391916 0.000000
14.694893 -0.000000
15.004248 -0.000000
15.320115 -0.000000
15.642632 -0.000000
15.971938 -0.000000
16.308177 -0.000000
16.651495 -0.000000
17.002040 0.000000
17.359965 0.000000
17.725424 0.000000
18.098577 0.000000
18.479586 0.000000
18.868616 0.000000
19.265835 -0.000000
19.671417 -0.000000
20.085537 -0.000000
20.508375 -0.000000
20.940114 -0.000000
21.380943 -0.000000
21.831051 0.000000
22.290636 0.000000
22.759895 0.000000
23.239033 0.000000
23.728258 0.000000
24.227782 -0.000000
24.737822 -0.000000
25.258599 -0.000000
25.790340 -0.000000
26.333275 0.000000
26.887639 0.000000
27.453674 0.000000
28.031625 0.000000
28.621743 0.000000
29.224284 -0.000000
29.839509 -0.000000
30.467687 -0.000000
31.109088 -0.000000
31.763992 0.000000
32.432684 0.000000
33.115452 0.000000
33.812594 -0.000000
34.524412 -0.000000
35.251215 -0.000000
35.993319 -0.000000
36.751045 0.000000
37.524723 0.000000
38.314688 -0.000000
39.121284 -0.000000
39.944860 -0.000000
40.785774 -0.000000
41.644390 -0.000000
42.521082 0.000000
43.416230 -0.000000
44.330222 -0.000000
45.263456 -0.000000
46.216336 -0.000000
47.189276 0.000000
48.182698 0.000000
49.197034 0.000000
50.232723 -0.000000
51.290215 0.000000
52.369970 0.000000
53.472455 -0.000000
54.598150 -0.000000
55.747543 -0.000000
56.921132 0.000000
58.119428 -0.000000
59.342950 -0.000000
60.592230 -0.000000
61.867809 0.000000
63.170242 -0.000000
64.500093 -0.000000
65.857940 0.000000
67.244372 0.000000
68.659992 -0.000000
70.105412 0.000000
71.581262 0.000000
73.088181 -0.000000
74.626823 0.000000
76.197857 -0.000000
77.801963 0.000000
79.439840 -0.000000
81.112196 0.000000
82.819759 -0.000000
84.563269 0.000000
86.343483 -0.000000
88.161174 0.000000
90.017131 -0.000000
91.912160 0.000000
93.847082 -0.000000
95.822737 0.000000
97.839985 -0.000000
99.899698 -0.000000
102.002773 -0.000000
104.150121 0.000000
106.342675 0.000000
108.581387 -0.000000
110.867227 -0.000000
113.201189 -0.000000
115.584285 0.000000
118.017549 -0.000000
120.502038 0.000000
123.038830 0.000000
125.629027 -0.000000
128.273752 -0.000000
130.974153 0.000000
133.731403 -0.000000
136.546698 -0.000000
139.421260 0.000000
142.356338 0.000000
145.353204 -0.000000
148.413159 -0.000000
151.537532 -0.000000
154.727680 -0.000000
157.984985 -0.000000
161.310864 -0.000000
164.706758 -0.000000
168.174142 0.000000
171.714520 0.000000
175.329431 0.000000
179.020442 0.000000
182.789156 0.000000
186.637208 -0.000000
190.566268 -0.000000
194.578043 0.000000
198.674273 0.000000
202.856737 0.000000
207.127249 -0.000000
211.487663 -0.000000
215.939872 -0.000000
220.485809 -0.000000
225.127446 -0.000000
229.866798 -0.000000
234.705922 0.000000
